{
 "metadata": {
  "language_info": {
   "codemirror_mode": {
    "name": "ipython",
    "version": 3
   },
   "file_extension": ".py",
   "mimetype": "text/x-python",
   "name": "python",
   "nbconvert_exporter": "python",
   "pygments_lexer": "ipython3",
   "version": "3.9.2"
  },
  "orig_nbformat": 2,
  "kernelspec": {
   "name": "python392jvsc74a57bd014a336a61cfaefff504b47e2b8e6e50961f0feafa7b211f8ff23081790c52144",
   "display_name": "Python 3.9.2 64-bit"
  }
 },
 "nbformat": 4,
 "nbformat_minor": 2,
 "cells": [
  {
   "cell_type": "code",
   "execution_count": 125,
   "metadata": {},
   "outputs": [],
   "source": [
    "import numpy as np\n",
    "import pandas as pd"
   ]
  },
  {
   "cell_type": "code",
   "execution_count": 126,
   "metadata": {},
   "outputs": [],
   "source": [
    "dict1 = {\n",
    "    \"name\":['harry','akash','rishi','kamlesh'],\n",
    "    \"marks\":[92, 54, 56, 76],\n",
    "    \"city\":['rampur','kolkata','jalandher','patna']\n",
    "}"
   ]
  },
  {
   "source": [
    "## 1. To make a new Dataframe"
   ],
   "cell_type": "markdown",
   "metadata": {}
  },
  {
   "cell_type": "code",
   "execution_count": 127,
   "metadata": {},
   "outputs": [
    {
     "output_type": "execute_result",
     "data": {
      "text/plain": [
       "      name  marks       city\n",
       "0    harry     92     rampur\n",
       "1    akash     54    kolkata\n",
       "2    rishi     56  jalandher\n",
       "3  kamlesh     76      patna"
      ],
      "text/html": "<div>\n<style scoped>\n    .dataframe tbody tr th:only-of-type {\n        vertical-align: middle;\n    }\n\n    .dataframe tbody tr th {\n        vertical-align: top;\n    }\n\n    .dataframe thead th {\n        text-align: right;\n    }\n</style>\n<table border=\"1\" class=\"dataframe\">\n  <thead>\n    <tr style=\"text-align: right;\">\n      <th></th>\n      <th>name</th>\n      <th>marks</th>\n      <th>city</th>\n    </tr>\n  </thead>\n  <tbody>\n    <tr>\n      <th>0</th>\n      <td>harry</td>\n      <td>92</td>\n      <td>rampur</td>\n    </tr>\n    <tr>\n      <th>1</th>\n      <td>akash</td>\n      <td>54</td>\n      <td>kolkata</td>\n    </tr>\n    <tr>\n      <th>2</th>\n      <td>rishi</td>\n      <td>56</td>\n      <td>jalandher</td>\n    </tr>\n    <tr>\n      <th>3</th>\n      <td>kamlesh</td>\n      <td>76</td>\n      <td>patna</td>\n    </tr>\n  </tbody>\n</table>\n</div>"
     },
     "metadata": {},
     "execution_count": 127
    }
   ],
   "source": [
    "df = pd.DataFrame(dict1)\n",
    "df"
   ]
  },
  {
   "source": [
    "## 2. To export dataframe in a csv file"
   ],
   "cell_type": "markdown",
   "metadata": {}
  },
  {
   "cell_type": "code",
   "execution_count": 128,
   "metadata": {},
   "outputs": [],
   "source": [
    "df.to_csv('D:\\Akash\\Machine Learning\\Data_for_ML\\ friends.csv',index=False) # to delete unwanted index no. in our excel file"
   ]
  },
  {
   "source": [
    "## 3. To import datasets "
   ],
   "cell_type": "markdown",
   "metadata": {}
  },
  {
   "cell_type": "code",
   "execution_count": 129,
   "metadata": {},
   "outputs": [],
   "source": [
    "harry = pd.read_csv('D:\\Akash\\Machine Learning\\Data_for_ML\\Book1.csv' , parse_dates=[\"EST\"])\n",
    "# harry"
   ]
  },
  {
   "source": [
    "## 4. some common opertions on dataframe"
   ],
   "cell_type": "markdown",
   "metadata": {}
  },
  {
   "cell_type": "code",
   "execution_count": 130,
   "metadata": {},
   "outputs": [
    {
     "output_type": "execute_result",
     "data": {
      "text/plain": [
       "         EST  Temperature  DewPoint  Humidity  Sea Level PressureIn  \\\n",
       "0 2016-01-01           38        23        52                 30.03   \n",
       "1 2016-01-02           36        18        46                 30.02   \n",
       "2 2016-01-03           40        21        47                 29.86   \n",
       "\n",
       "   VisibilityMiles  WindSpeedMPH  PrecipitationIn  CloudCover Events  \\\n",
       "0               10           8.0              0.0           5    NaN   \n",
       "1               10           7.0              0.0           3    NaN   \n",
       "2               10           8.0              0.0           1    NaN   \n",
       "\n",
       "   WindDirDegrees  \n",
       "0             281  \n",
       "1             275  \n",
       "2             277  "
      ],
      "text/html": "<div>\n<style scoped>\n    .dataframe tbody tr th:only-of-type {\n        vertical-align: middle;\n    }\n\n    .dataframe tbody tr th {\n        vertical-align: top;\n    }\n\n    .dataframe thead th {\n        text-align: right;\n    }\n</style>\n<table border=\"1\" class=\"dataframe\">\n  <thead>\n    <tr style=\"text-align: right;\">\n      <th></th>\n      <th>EST</th>\n      <th>Temperature</th>\n      <th>DewPoint</th>\n      <th>Humidity</th>\n      <th>Sea Level PressureIn</th>\n      <th>VisibilityMiles</th>\n      <th>WindSpeedMPH</th>\n      <th>PrecipitationIn</th>\n      <th>CloudCover</th>\n      <th>Events</th>\n      <th>WindDirDegrees</th>\n    </tr>\n  </thead>\n  <tbody>\n    <tr>\n      <th>0</th>\n      <td>2016-01-01</td>\n      <td>38</td>\n      <td>23</td>\n      <td>52</td>\n      <td>30.03</td>\n      <td>10</td>\n      <td>8.0</td>\n      <td>0.0</td>\n      <td>5</td>\n      <td>NaN</td>\n      <td>281</td>\n    </tr>\n    <tr>\n      <th>1</th>\n      <td>2016-01-02</td>\n      <td>36</td>\n      <td>18</td>\n      <td>46</td>\n      <td>30.02</td>\n      <td>10</td>\n      <td>7.0</td>\n      <td>0.0</td>\n      <td>3</td>\n      <td>NaN</td>\n      <td>275</td>\n    </tr>\n    <tr>\n      <th>2</th>\n      <td>2016-01-03</td>\n      <td>40</td>\n      <td>21</td>\n      <td>47</td>\n      <td>29.86</td>\n      <td>10</td>\n      <td>8.0</td>\n      <td>0.0</td>\n      <td>1</td>\n      <td>NaN</td>\n      <td>277</td>\n    </tr>\n  </tbody>\n</table>\n</div>"
     },
     "metadata": {},
     "execution_count": 130
    }
   ],
   "source": [
    "harry.head(3)"
   ]
  },
  {
   "cell_type": "code",
   "execution_count": 131,
   "metadata": {},
   "outputs": [
    {
     "output_type": "execute_result",
     "data": {
      "text/plain": [
       "          EST  Temperature  DewPoint  Humidity  Sea Level PressureIn  \\\n",
       "28 2016-01-29           36        21        50                 29.58   \n",
       "29 2016-01-30           34        16        46                 30.01   \n",
       "30 2016-01-31           46        28        52                 29.90   \n",
       "\n",
       "    VisibilityMiles  WindSpeedMPH  PrecipitationIn  CloudCover Events  \\\n",
       "28               10           8.0              0.0           4    NaN   \n",
       "29               10           7.0              0.0           0    NaN   \n",
       "30               10           5.0              0.0           0    NaN   \n",
       "\n",
       "    WindDirDegrees  \n",
       "28             298  \n",
       "29             257  \n",
       "30             241  "
      ],
      "text/html": "<div>\n<style scoped>\n    .dataframe tbody tr th:only-of-type {\n        vertical-align: middle;\n    }\n\n    .dataframe tbody tr th {\n        vertical-align: top;\n    }\n\n    .dataframe thead th {\n        text-align: right;\n    }\n</style>\n<table border=\"1\" class=\"dataframe\">\n  <thead>\n    <tr style=\"text-align: right;\">\n      <th></th>\n      <th>EST</th>\n      <th>Temperature</th>\n      <th>DewPoint</th>\n      <th>Humidity</th>\n      <th>Sea Level PressureIn</th>\n      <th>VisibilityMiles</th>\n      <th>WindSpeedMPH</th>\n      <th>PrecipitationIn</th>\n      <th>CloudCover</th>\n      <th>Events</th>\n      <th>WindDirDegrees</th>\n    </tr>\n  </thead>\n  <tbody>\n    <tr>\n      <th>28</th>\n      <td>2016-01-29</td>\n      <td>36</td>\n      <td>21</td>\n      <td>50</td>\n      <td>29.58</td>\n      <td>10</td>\n      <td>8.0</td>\n      <td>0.0</td>\n      <td>4</td>\n      <td>NaN</td>\n      <td>298</td>\n    </tr>\n    <tr>\n      <th>29</th>\n      <td>2016-01-30</td>\n      <td>34</td>\n      <td>16</td>\n      <td>46</td>\n      <td>30.01</td>\n      <td>10</td>\n      <td>7.0</td>\n      <td>0.0</td>\n      <td>0</td>\n      <td>NaN</td>\n      <td>257</td>\n    </tr>\n    <tr>\n      <th>30</th>\n      <td>2016-01-31</td>\n      <td>46</td>\n      <td>28</td>\n      <td>52</td>\n      <td>29.90</td>\n      <td>10</td>\n      <td>5.0</td>\n      <td>0.0</td>\n      <td>0</td>\n      <td>NaN</td>\n      <td>241</td>\n    </tr>\n  </tbody>\n</table>\n</div>"
     },
     "metadata": {},
     "execution_count": 131
    }
   ],
   "source": [
    "harry.tail(3)"
   ]
  },
  {
   "cell_type": "code",
   "execution_count": 132,
   "metadata": {},
   "outputs": [
    {
     "output_type": "execute_result",
     "data": {
      "text/plain": [
       "       Temperature   DewPoint   Humidity  Sea Level PressureIn  \\\n",
       "count    31.000000  31.000000  31.000000             31.000000   \n",
       "mean     34.677419  17.838710  51.677419             29.992903   \n",
       "std       7.639315  11.378626  11.634395              0.237237   \n",
       "min      20.000000  -3.000000  33.000000             29.520000   \n",
       "25%      29.000000  10.000000  44.500000             29.855000   \n",
       "50%      35.000000  18.000000  50.000000             30.010000   \n",
       "75%      39.500000  23.000000  55.000000             30.140000   \n",
       "max      50.000000  46.000000  78.000000             30.570000   \n",
       "\n",
       "       VisibilityMiles  WindSpeedMPH  PrecipitationIn  CloudCover  \\\n",
       "count        31.000000     28.000000        24.000000   31.000000   \n",
       "mean          9.193548      6.892857         0.183750    3.129032   \n",
       "std           1.939405      2.871821         0.583317    2.629853   \n",
       "min           1.000000      2.000000         0.000000    0.000000   \n",
       "25%           9.000000      5.000000         0.000000    1.000000   \n",
       "50%          10.000000      6.500000         0.000000    3.000000   \n",
       "75%          10.000000      8.000000         0.000000    4.500000   \n",
       "max          10.000000     16.000000         2.310000    8.000000   \n",
       "\n",
       "       WindDirDegrees  \n",
       "count       31.000000  \n",
       "mean       247.129032  \n",
       "std         92.308086  \n",
       "min         34.000000  \n",
       "25%        238.000000  \n",
       "50%        281.000000  \n",
       "75%        300.000000  \n",
       "max        345.000000  "
      ],
      "text/html": "<div>\n<style scoped>\n    .dataframe tbody tr th:only-of-type {\n        vertical-align: middle;\n    }\n\n    .dataframe tbody tr th {\n        vertical-align: top;\n    }\n\n    .dataframe thead th {\n        text-align: right;\n    }\n</style>\n<table border=\"1\" class=\"dataframe\">\n  <thead>\n    <tr style=\"text-align: right;\">\n      <th></th>\n      <th>Temperature</th>\n      <th>DewPoint</th>\n      <th>Humidity</th>\n      <th>Sea Level PressureIn</th>\n      <th>VisibilityMiles</th>\n      <th>WindSpeedMPH</th>\n      <th>PrecipitationIn</th>\n      <th>CloudCover</th>\n      <th>WindDirDegrees</th>\n    </tr>\n  </thead>\n  <tbody>\n    <tr>\n      <th>count</th>\n      <td>31.000000</td>\n      <td>31.000000</td>\n      <td>31.000000</td>\n      <td>31.000000</td>\n      <td>31.000000</td>\n      <td>28.000000</td>\n      <td>24.000000</td>\n      <td>31.000000</td>\n      <td>31.000000</td>\n    </tr>\n    <tr>\n      <th>mean</th>\n      <td>34.677419</td>\n      <td>17.838710</td>\n      <td>51.677419</td>\n      <td>29.992903</td>\n      <td>9.193548</td>\n      <td>6.892857</td>\n      <td>0.183750</td>\n      <td>3.129032</td>\n      <td>247.129032</td>\n    </tr>\n    <tr>\n      <th>std</th>\n      <td>7.639315</td>\n      <td>11.378626</td>\n      <td>11.634395</td>\n      <td>0.237237</td>\n      <td>1.939405</td>\n      <td>2.871821</td>\n      <td>0.583317</td>\n      <td>2.629853</td>\n      <td>92.308086</td>\n    </tr>\n    <tr>\n      <th>min</th>\n      <td>20.000000</td>\n      <td>-3.000000</td>\n      <td>33.000000</td>\n      <td>29.520000</td>\n      <td>1.000000</td>\n      <td>2.000000</td>\n      <td>0.000000</td>\n      <td>0.000000</td>\n      <td>34.000000</td>\n    </tr>\n    <tr>\n      <th>25%</th>\n      <td>29.000000</td>\n      <td>10.000000</td>\n      <td>44.500000</td>\n      <td>29.855000</td>\n      <td>9.000000</td>\n      <td>5.000000</td>\n      <td>0.000000</td>\n      <td>1.000000</td>\n      <td>238.000000</td>\n    </tr>\n    <tr>\n      <th>50%</th>\n      <td>35.000000</td>\n      <td>18.000000</td>\n      <td>50.000000</td>\n      <td>30.010000</td>\n      <td>10.000000</td>\n      <td>6.500000</td>\n      <td>0.000000</td>\n      <td>3.000000</td>\n      <td>281.000000</td>\n    </tr>\n    <tr>\n      <th>75%</th>\n      <td>39.500000</td>\n      <td>23.000000</td>\n      <td>55.000000</td>\n      <td>30.140000</td>\n      <td>10.000000</td>\n      <td>8.000000</td>\n      <td>0.000000</td>\n      <td>4.500000</td>\n      <td>300.000000</td>\n    </tr>\n    <tr>\n      <th>max</th>\n      <td>50.000000</td>\n      <td>46.000000</td>\n      <td>78.000000</td>\n      <td>30.570000</td>\n      <td>10.000000</td>\n      <td>16.000000</td>\n      <td>2.310000</td>\n      <td>8.000000</td>\n      <td>345.000000</td>\n    </tr>\n  </tbody>\n</table>\n</div>"
     },
     "metadata": {},
     "execution_count": 132
    }
   ],
   "source": [
    "harry.describe() # very usefull tool "
   ]
  },
  {
   "cell_type": "code",
   "execution_count": 133,
   "metadata": {},
   "outputs": [
    {
     "output_type": "execute_result",
     "data": {
      "text/plain": [
       "EST                     datetime64[ns]\n",
       "Temperature                      int64\n",
       "DewPoint                         int64\n",
       "Humidity                         int64\n",
       "Sea Level PressureIn           float64\n",
       "VisibilityMiles                  int64\n",
       "WindSpeedMPH                   float64\n",
       "PrecipitationIn                float64\n",
       "CloudCover                       int64\n",
       "Events                          object\n",
       "WindDirDegrees                   int64\n",
       "dtype: object"
      ]
     },
     "metadata": {},
     "execution_count": 133
    }
   ],
   "source": [
    "harry.dtypes"
   ]
  },
  {
   "cell_type": "code",
   "execution_count": 134,
   "metadata": {},
   "outputs": [
    {
     "output_type": "stream",
     "name": "stderr",
     "text": [
      "<ipython-input-134-eda6d5e5481e>:1: SettingWithCopyWarning: \nA value is trying to be set on a copy of a slice from a DataFrame\n\nSee the caveats in the documentation: https://pandas.pydata.org/pandas-docs/stable/user_guide/indexing.html#returning-a-view-versus-a-copy\n  harry['Humidity'][0] = 54  # to change datavalue or  harry[3][0] = 54\n"
     ]
    },
    {
     "output_type": "execute_result",
     "data": {
      "text/plain": [
       "         EST  Temperature  DewPoint  Humidity  Sea Level PressureIn  \\\n",
       "0 2016-01-01           38        23        54                 30.03   \n",
       "1 2016-01-02           36        18        46                 30.02   \n",
       "2 2016-01-03           40        21        47                 29.86   \n",
       "\n",
       "   VisibilityMiles  WindSpeedMPH  PrecipitationIn  CloudCover Events  \\\n",
       "0               10           8.0              0.0           5    NaN   \n",
       "1               10           7.0              0.0           3    NaN   \n",
       "2               10           8.0              0.0           1    NaN   \n",
       "\n",
       "   WindDirDegrees  \n",
       "0             281  \n",
       "1             275  \n",
       "2             277  "
      ],
      "text/html": "<div>\n<style scoped>\n    .dataframe tbody tr th:only-of-type {\n        vertical-align: middle;\n    }\n\n    .dataframe tbody tr th {\n        vertical-align: top;\n    }\n\n    .dataframe thead th {\n        text-align: right;\n    }\n</style>\n<table border=\"1\" class=\"dataframe\">\n  <thead>\n    <tr style=\"text-align: right;\">\n      <th></th>\n      <th>EST</th>\n      <th>Temperature</th>\n      <th>DewPoint</th>\n      <th>Humidity</th>\n      <th>Sea Level PressureIn</th>\n      <th>VisibilityMiles</th>\n      <th>WindSpeedMPH</th>\n      <th>PrecipitationIn</th>\n      <th>CloudCover</th>\n      <th>Events</th>\n      <th>WindDirDegrees</th>\n    </tr>\n  </thead>\n  <tbody>\n    <tr>\n      <th>0</th>\n      <td>2016-01-01</td>\n      <td>38</td>\n      <td>23</td>\n      <td>54</td>\n      <td>30.03</td>\n      <td>10</td>\n      <td>8.0</td>\n      <td>0.0</td>\n      <td>5</td>\n      <td>NaN</td>\n      <td>281</td>\n    </tr>\n    <tr>\n      <th>1</th>\n      <td>2016-01-02</td>\n      <td>36</td>\n      <td>18</td>\n      <td>46</td>\n      <td>30.02</td>\n      <td>10</td>\n      <td>7.0</td>\n      <td>0.0</td>\n      <td>3</td>\n      <td>NaN</td>\n      <td>275</td>\n    </tr>\n    <tr>\n      <th>2</th>\n      <td>2016-01-03</td>\n      <td>40</td>\n      <td>21</td>\n      <td>47</td>\n      <td>29.86</td>\n      <td>10</td>\n      <td>8.0</td>\n      <td>0.0</td>\n      <td>1</td>\n      <td>NaN</td>\n      <td>277</td>\n    </tr>\n  </tbody>\n</table>\n</div>"
     },
     "metadata": {},
     "execution_count": 134
    }
   ],
   "source": [
    "harry['Humidity'][0] = 54  # to change datavalue or  harry[3][0] = 54\n",
    "harry.head(3)"
   ]
  },
  {
   "source": [
    "## To suffle a dataframe from row"
   ],
   "cell_type": "markdown",
   "metadata": {}
  },
  {
   "cell_type": "code",
   "execution_count": 135,
   "metadata": {},
   "outputs": [
    {
     "output_type": "execute_result",
     "data": {
      "text/plain": [
       "      name  marks       city\n",
       "0    harry     92     rampur\n",
       "1    akash     54    kolkata\n",
       "2    rishi     56  jalandher\n",
       "3  kamlesh     76      patna"
      ],
      "text/html": "<div>\n<style scoped>\n    .dataframe tbody tr th:only-of-type {\n        vertical-align: middle;\n    }\n\n    .dataframe tbody tr th {\n        vertical-align: top;\n    }\n\n    .dataframe thead th {\n        text-align: right;\n    }\n</style>\n<table border=\"1\" class=\"dataframe\">\n  <thead>\n    <tr style=\"text-align: right;\">\n      <th></th>\n      <th>name</th>\n      <th>marks</th>\n      <th>city</th>\n    </tr>\n  </thead>\n  <tbody>\n    <tr>\n      <th>0</th>\n      <td>harry</td>\n      <td>92</td>\n      <td>rampur</td>\n    </tr>\n    <tr>\n      <th>1</th>\n      <td>akash</td>\n      <td>54</td>\n      <td>kolkata</td>\n    </tr>\n    <tr>\n      <th>2</th>\n      <td>rishi</td>\n      <td>56</td>\n      <td>jalandher</td>\n    </tr>\n    <tr>\n      <th>3</th>\n      <td>kamlesh</td>\n      <td>76</td>\n      <td>patna</td>\n    </tr>\n  </tbody>\n</table>\n</div>"
     },
     "metadata": {},
     "execution_count": 135
    }
   ],
   "source": [
    "df = df.sample(frac=1)\n",
    "df"
   ]
  },
  {
   "source": [
    "# 5. Two typs of DataStructure in Pandas\n",
    "## -> Series  \n",
    "## -> DataFrame "
   ],
   "cell_type": "markdown",
   "metadata": {}
  },
  {
   "source": [
    "### Series"
   ],
   "cell_type": "markdown",
   "metadata": {}
  },
  {
   "cell_type": "code",
   "execution_count": 136,
   "metadata": {},
   "outputs": [],
   "source": [
    "ser = pd.Series(np.random.rand(34))\n",
    "# ser"
   ]
  },
  {
   "cell_type": "code",
   "execution_count": 137,
   "metadata": {},
   "outputs": [
    {
     "output_type": "execute_result",
     "data": {
      "text/plain": [
       "pandas.core.series.Series"
      ]
     },
     "metadata": {},
     "execution_count": 137
    }
   ],
   "source": [
    "type(ser)"
   ]
  },
  {
   "source": [
    "### Dataframe"
   ],
   "cell_type": "markdown",
   "metadata": {}
  },
  {
   "cell_type": "code",
   "execution_count": 138,
   "metadata": {},
   "outputs": [
    {
     "output_type": "execute_result",
     "data": {
      "text/plain": [
       "pandas.core.frame.DataFrame"
      ]
     },
     "metadata": {},
     "execution_count": 138
    }
   ],
   "source": [
    "newdf = pd.DataFrame(np.random.rand(334,5), index = np.arange(334))\n",
    "type(newdf)"
   ]
  },
  {
   "cell_type": "code",
   "execution_count": 139,
   "metadata": {},
   "outputs": [
    {
     "output_type": "execute_result",
     "data": {
      "text/plain": [
       "          0         1         2         3         4\n",
       "0  0.661356  0.790988  0.816955  0.515202  0.348768\n",
       "1  0.369261  0.344447  0.594809  0.454023  0.055929\n",
       "2  0.173050  0.759926  0.340533  0.212910  0.415925\n",
       "3  0.032329  0.200028  0.146421  0.705052  0.083880\n",
       "4  0.464154  0.677997  0.172498  0.127146  0.800099"
      ],
      "text/html": "<div>\n<style scoped>\n    .dataframe tbody tr th:only-of-type {\n        vertical-align: middle;\n    }\n\n    .dataframe tbody tr th {\n        vertical-align: top;\n    }\n\n    .dataframe thead th {\n        text-align: right;\n    }\n</style>\n<table border=\"1\" class=\"dataframe\">\n  <thead>\n    <tr style=\"text-align: right;\">\n      <th></th>\n      <th>0</th>\n      <th>1</th>\n      <th>2</th>\n      <th>3</th>\n      <th>4</th>\n    </tr>\n  </thead>\n  <tbody>\n    <tr>\n      <th>0</th>\n      <td>0.661356</td>\n      <td>0.790988</td>\n      <td>0.816955</td>\n      <td>0.515202</td>\n      <td>0.348768</td>\n    </tr>\n    <tr>\n      <th>1</th>\n      <td>0.369261</td>\n      <td>0.344447</td>\n      <td>0.594809</td>\n      <td>0.454023</td>\n      <td>0.055929</td>\n    </tr>\n    <tr>\n      <th>2</th>\n      <td>0.173050</td>\n      <td>0.759926</td>\n      <td>0.340533</td>\n      <td>0.212910</td>\n      <td>0.415925</td>\n    </tr>\n    <tr>\n      <th>3</th>\n      <td>0.032329</td>\n      <td>0.200028</td>\n      <td>0.146421</td>\n      <td>0.705052</td>\n      <td>0.083880</td>\n    </tr>\n    <tr>\n      <th>4</th>\n      <td>0.464154</td>\n      <td>0.677997</td>\n      <td>0.172498</td>\n      <td>0.127146</td>\n      <td>0.800099</td>\n    </tr>\n  </tbody>\n</table>\n</div>"
     },
     "metadata": {},
     "execution_count": 139
    }
   ],
   "source": [
    "newdf.head()"
   ]
  },
  {
   "cell_type": "code",
   "execution_count": 140,
   "metadata": {},
   "outputs": [
    {
     "output_type": "execute_result",
     "data": {
      "text/plain": [
       "Int64Index([  0,   1,   2,   3,   4,   5,   6,   7,   8,   9,\n",
       "            ...\n",
       "            324, 325, 326, 327, 328, 329, 330, 331, 332, 333],\n",
       "           dtype='int64', length=334)"
      ]
     },
     "metadata": {},
     "execution_count": 140
    }
   ],
   "source": [
    "newdf.index"
   ]
  },
  {
   "cell_type": "code",
   "execution_count": 141,
   "metadata": {},
   "outputs": [
    {
     "output_type": "execute_result",
     "data": {
      "text/plain": [
       "RangeIndex(start=0, stop=5, step=1)"
      ]
     },
     "metadata": {},
     "execution_count": 141
    }
   ],
   "source": [
    "newdf.columns"
   ]
  },
  {
   "source": [
    "# 6. More Operations on datasets"
   ],
   "cell_type": "markdown",
   "metadata": {}
  },
  {
   "cell_type": "code",
   "execution_count": 142,
   "metadata": {},
   "outputs": [
    {
     "output_type": "execute_result",
     "data": {
      "text/plain": [
       "array([[0.66135588, 0.79098814, 0.81695547, 0.51520225, 0.34876795],\n",
       "       [0.36926104, 0.34444694, 0.59480881, 0.45402314, 0.05592909],\n",
       "       [0.17304967, 0.75992589, 0.34053282, 0.21290977, 0.41592451],\n",
       "       ...,\n",
       "       [0.51222336, 0.83748778, 0.52170287, 0.64045172, 0.69305197],\n",
       "       [0.81801019, 0.7408882 , 0.29419477, 0.0274681 , 0.48283493],\n",
       "       [0.34100499, 0.67062897, 0.08164382, 0.4200348 , 0.84927652]])"
      ]
     },
     "metadata": {},
     "execution_count": 142
    }
   ],
   "source": [
    "newdf.to_numpy()  # to convert pandas dataframe into nympy array"
   ]
  },
  {
   "cell_type": "code",
   "execution_count": 143,
   "metadata": {},
   "outputs": [
    {
     "output_type": "execute_result",
     "data": {
      "text/plain": [
       "        0         1         2         3         4         5         6    \\\n",
       "0  0.661356  0.369261  0.173050  0.032329  0.464154  0.431176  0.305906   \n",
       "1  0.790988  0.344447  0.759926  0.200028  0.677997  0.419692  0.149652   \n",
       "2  0.816955  0.594809  0.340533  0.146421  0.172498  0.052647  0.230062   \n",
       "3  0.515202  0.454023  0.212910  0.705052  0.127146  0.451053  0.936771   \n",
       "4  0.348768  0.055929  0.415925  0.083880  0.800099  0.582615  0.995378   \n",
       "\n",
       "        7         8         9    ...       324       325       326       327  \\\n",
       "0  0.202698  0.710082  0.924411  ...  0.672327  0.826414  0.572422  0.770924   \n",
       "1  0.114420  0.834376  0.347278  ...  0.853540  0.024424  0.021121  0.948467   \n",
       "2  0.227797  0.388903  0.014833  ...  0.240637  0.401416  0.824831  0.935813   \n",
       "3  0.041946  0.828328  0.073110  ...  0.173041  0.302766  0.088114  0.564927   \n",
       "4  0.961846  0.660486  0.884122  ...  0.896517  0.818581  0.358311  0.135070   \n",
       "\n",
       "        328       329       330       331       332       333  \n",
       "0  0.984020  0.671657  0.675012  0.512223  0.818010  0.341005  \n",
       "1  0.132770  0.081046  0.924776  0.837488  0.740888  0.670629  \n",
       "2  0.594300  0.333107  0.168315  0.521703  0.294195  0.081644  \n",
       "3  0.399013  0.275409  0.050523  0.640452  0.027468  0.420035  \n",
       "4  0.331002  0.663722  0.527453  0.693052  0.482835  0.849277  \n",
       "\n",
       "[5 rows x 334 columns]"
      ],
      "text/html": "<div>\n<style scoped>\n    .dataframe tbody tr th:only-of-type {\n        vertical-align: middle;\n    }\n\n    .dataframe tbody tr th {\n        vertical-align: top;\n    }\n\n    .dataframe thead th {\n        text-align: right;\n    }\n</style>\n<table border=\"1\" class=\"dataframe\">\n  <thead>\n    <tr style=\"text-align: right;\">\n      <th></th>\n      <th>0</th>\n      <th>1</th>\n      <th>2</th>\n      <th>3</th>\n      <th>4</th>\n      <th>5</th>\n      <th>6</th>\n      <th>7</th>\n      <th>8</th>\n      <th>9</th>\n      <th>...</th>\n      <th>324</th>\n      <th>325</th>\n      <th>326</th>\n      <th>327</th>\n      <th>328</th>\n      <th>329</th>\n      <th>330</th>\n      <th>331</th>\n      <th>332</th>\n      <th>333</th>\n    </tr>\n  </thead>\n  <tbody>\n    <tr>\n      <th>0</th>\n      <td>0.661356</td>\n      <td>0.369261</td>\n      <td>0.173050</td>\n      <td>0.032329</td>\n      <td>0.464154</td>\n      <td>0.431176</td>\n      <td>0.305906</td>\n      <td>0.202698</td>\n      <td>0.710082</td>\n      <td>0.924411</td>\n      <td>...</td>\n      <td>0.672327</td>\n      <td>0.826414</td>\n      <td>0.572422</td>\n      <td>0.770924</td>\n      <td>0.984020</td>\n      <td>0.671657</td>\n      <td>0.675012</td>\n      <td>0.512223</td>\n      <td>0.818010</td>\n      <td>0.341005</td>\n    </tr>\n    <tr>\n      <th>1</th>\n      <td>0.790988</td>\n      <td>0.344447</td>\n      <td>0.759926</td>\n      <td>0.200028</td>\n      <td>0.677997</td>\n      <td>0.419692</td>\n      <td>0.149652</td>\n      <td>0.114420</td>\n      <td>0.834376</td>\n      <td>0.347278</td>\n      <td>...</td>\n      <td>0.853540</td>\n      <td>0.024424</td>\n      <td>0.021121</td>\n      <td>0.948467</td>\n      <td>0.132770</td>\n      <td>0.081046</td>\n      <td>0.924776</td>\n      <td>0.837488</td>\n      <td>0.740888</td>\n      <td>0.670629</td>\n    </tr>\n    <tr>\n      <th>2</th>\n      <td>0.816955</td>\n      <td>0.594809</td>\n      <td>0.340533</td>\n      <td>0.146421</td>\n      <td>0.172498</td>\n      <td>0.052647</td>\n      <td>0.230062</td>\n      <td>0.227797</td>\n      <td>0.388903</td>\n      <td>0.014833</td>\n      <td>...</td>\n      <td>0.240637</td>\n      <td>0.401416</td>\n      <td>0.824831</td>\n      <td>0.935813</td>\n      <td>0.594300</td>\n      <td>0.333107</td>\n      <td>0.168315</td>\n      <td>0.521703</td>\n      <td>0.294195</td>\n      <td>0.081644</td>\n    </tr>\n    <tr>\n      <th>3</th>\n      <td>0.515202</td>\n      <td>0.454023</td>\n      <td>0.212910</td>\n      <td>0.705052</td>\n      <td>0.127146</td>\n      <td>0.451053</td>\n      <td>0.936771</td>\n      <td>0.041946</td>\n      <td>0.828328</td>\n      <td>0.073110</td>\n      <td>...</td>\n      <td>0.173041</td>\n      <td>0.302766</td>\n      <td>0.088114</td>\n      <td>0.564927</td>\n      <td>0.399013</td>\n      <td>0.275409</td>\n      <td>0.050523</td>\n      <td>0.640452</td>\n      <td>0.027468</td>\n      <td>0.420035</td>\n    </tr>\n    <tr>\n      <th>4</th>\n      <td>0.348768</td>\n      <td>0.055929</td>\n      <td>0.415925</td>\n      <td>0.083880</td>\n      <td>0.800099</td>\n      <td>0.582615</td>\n      <td>0.995378</td>\n      <td>0.961846</td>\n      <td>0.660486</td>\n      <td>0.884122</td>\n      <td>...</td>\n      <td>0.896517</td>\n      <td>0.818581</td>\n      <td>0.358311</td>\n      <td>0.135070</td>\n      <td>0.331002</td>\n      <td>0.663722</td>\n      <td>0.527453</td>\n      <td>0.693052</td>\n      <td>0.482835</td>\n      <td>0.849277</td>\n    </tr>\n  </tbody>\n</table>\n<p>5 rows × 334 columns</p>\n</div>"
     },
     "metadata": {},
     "execution_count": 143
    }
   ],
   "source": [
    "newdf.T  # it transpose(interchange rows and columns)"
   ]
  },
  {
   "cell_type": "code",
   "execution_count": 144,
   "metadata": {},
   "outputs": [
    {
     "output_type": "execute_result",
     "data": {
      "text/plain": [
       "            0         1         2         3         4\n",
       "0    0.661356  0.790988  0.816955  0.515202  0.348768\n",
       "1    0.369261  0.344447  0.594809  0.454023  0.055929\n",
       "2    0.173050  0.759926  0.340533  0.212910  0.415925\n",
       "3    0.032329  0.200028  0.146421  0.705052  0.083880\n",
       "4    0.464154  0.677997  0.172498  0.127146  0.800099\n",
       "..        ...       ...       ...       ...       ...\n",
       "329  0.671657  0.081046  0.333107  0.275409  0.663722\n",
       "330  0.675012  0.924776  0.168315  0.050523  0.527453\n",
       "331  0.512223  0.837488  0.521703  0.640452  0.693052\n",
       "332  0.818010  0.740888  0.294195  0.027468  0.482835\n",
       "333  0.341005  0.670629  0.081644  0.420035  0.849277\n",
       "\n",
       "[334 rows x 5 columns]"
      ],
      "text/html": "<div>\n<style scoped>\n    .dataframe tbody tr th:only-of-type {\n        vertical-align: middle;\n    }\n\n    .dataframe tbody tr th {\n        vertical-align: top;\n    }\n\n    .dataframe thead th {\n        text-align: right;\n    }\n</style>\n<table border=\"1\" class=\"dataframe\">\n  <thead>\n    <tr style=\"text-align: right;\">\n      <th></th>\n      <th>0</th>\n      <th>1</th>\n      <th>2</th>\n      <th>3</th>\n      <th>4</th>\n    </tr>\n  </thead>\n  <tbody>\n    <tr>\n      <th>0</th>\n      <td>0.661356</td>\n      <td>0.790988</td>\n      <td>0.816955</td>\n      <td>0.515202</td>\n      <td>0.348768</td>\n    </tr>\n    <tr>\n      <th>1</th>\n      <td>0.369261</td>\n      <td>0.344447</td>\n      <td>0.594809</td>\n      <td>0.454023</td>\n      <td>0.055929</td>\n    </tr>\n    <tr>\n      <th>2</th>\n      <td>0.173050</td>\n      <td>0.759926</td>\n      <td>0.340533</td>\n      <td>0.212910</td>\n      <td>0.415925</td>\n    </tr>\n    <tr>\n      <th>3</th>\n      <td>0.032329</td>\n      <td>0.200028</td>\n      <td>0.146421</td>\n      <td>0.705052</td>\n      <td>0.083880</td>\n    </tr>\n    <tr>\n      <th>4</th>\n      <td>0.464154</td>\n      <td>0.677997</td>\n      <td>0.172498</td>\n      <td>0.127146</td>\n      <td>0.800099</td>\n    </tr>\n    <tr>\n      <th>...</th>\n      <td>...</td>\n      <td>...</td>\n      <td>...</td>\n      <td>...</td>\n      <td>...</td>\n    </tr>\n    <tr>\n      <th>329</th>\n      <td>0.671657</td>\n      <td>0.081046</td>\n      <td>0.333107</td>\n      <td>0.275409</td>\n      <td>0.663722</td>\n    </tr>\n    <tr>\n      <th>330</th>\n      <td>0.675012</td>\n      <td>0.924776</td>\n      <td>0.168315</td>\n      <td>0.050523</td>\n      <td>0.527453</td>\n    </tr>\n    <tr>\n      <th>331</th>\n      <td>0.512223</td>\n      <td>0.837488</td>\n      <td>0.521703</td>\n      <td>0.640452</td>\n      <td>0.693052</td>\n    </tr>\n    <tr>\n      <th>332</th>\n      <td>0.818010</td>\n      <td>0.740888</td>\n      <td>0.294195</td>\n      <td>0.027468</td>\n      <td>0.482835</td>\n    </tr>\n    <tr>\n      <th>333</th>\n      <td>0.341005</td>\n      <td>0.670629</td>\n      <td>0.081644</td>\n      <td>0.420035</td>\n      <td>0.849277</td>\n    </tr>\n  </tbody>\n</table>\n<p>334 rows × 5 columns</p>\n</div>"
     },
     "metadata": {},
     "execution_count": 144
    }
   ],
   "source": [
    "newdf"
   ]
  },
  {
   "cell_type": "code",
   "execution_count": 145,
   "metadata": {},
   "outputs": [
    {
     "output_type": "execute_result",
     "data": {
      "text/plain": [
       "            0         1         2         3         4\n",
       "333  0.341005  0.670629  0.081644  0.420035  0.849277\n",
       "332  0.818010  0.740888  0.294195  0.027468  0.482835\n",
       "331  0.512223  0.837488  0.521703  0.640452  0.693052\n",
       "330  0.675012  0.924776  0.168315  0.050523  0.527453\n",
       "329  0.671657  0.081046  0.333107  0.275409  0.663722\n",
       "..        ...       ...       ...       ...       ...\n",
       "4    0.464154  0.677997  0.172498  0.127146  0.800099\n",
       "3    0.032329  0.200028  0.146421  0.705052  0.083880\n",
       "2    0.173050  0.759926  0.340533  0.212910  0.415925\n",
       "1    0.369261  0.344447  0.594809  0.454023  0.055929\n",
       "0    0.661356  0.790988  0.816955  0.515202  0.348768\n",
       "\n",
       "[334 rows x 5 columns]"
      ],
      "text/html": "<div>\n<style scoped>\n    .dataframe tbody tr th:only-of-type {\n        vertical-align: middle;\n    }\n\n    .dataframe tbody tr th {\n        vertical-align: top;\n    }\n\n    .dataframe thead th {\n        text-align: right;\n    }\n</style>\n<table border=\"1\" class=\"dataframe\">\n  <thead>\n    <tr style=\"text-align: right;\">\n      <th></th>\n      <th>0</th>\n      <th>1</th>\n      <th>2</th>\n      <th>3</th>\n      <th>4</th>\n    </tr>\n  </thead>\n  <tbody>\n    <tr>\n      <th>333</th>\n      <td>0.341005</td>\n      <td>0.670629</td>\n      <td>0.081644</td>\n      <td>0.420035</td>\n      <td>0.849277</td>\n    </tr>\n    <tr>\n      <th>332</th>\n      <td>0.818010</td>\n      <td>0.740888</td>\n      <td>0.294195</td>\n      <td>0.027468</td>\n      <td>0.482835</td>\n    </tr>\n    <tr>\n      <th>331</th>\n      <td>0.512223</td>\n      <td>0.837488</td>\n      <td>0.521703</td>\n      <td>0.640452</td>\n      <td>0.693052</td>\n    </tr>\n    <tr>\n      <th>330</th>\n      <td>0.675012</td>\n      <td>0.924776</td>\n      <td>0.168315</td>\n      <td>0.050523</td>\n      <td>0.527453</td>\n    </tr>\n    <tr>\n      <th>329</th>\n      <td>0.671657</td>\n      <td>0.081046</td>\n      <td>0.333107</td>\n      <td>0.275409</td>\n      <td>0.663722</td>\n    </tr>\n    <tr>\n      <th>...</th>\n      <td>...</td>\n      <td>...</td>\n      <td>...</td>\n      <td>...</td>\n      <td>...</td>\n    </tr>\n    <tr>\n      <th>4</th>\n      <td>0.464154</td>\n      <td>0.677997</td>\n      <td>0.172498</td>\n      <td>0.127146</td>\n      <td>0.800099</td>\n    </tr>\n    <tr>\n      <th>3</th>\n      <td>0.032329</td>\n      <td>0.200028</td>\n      <td>0.146421</td>\n      <td>0.705052</td>\n      <td>0.083880</td>\n    </tr>\n    <tr>\n      <th>2</th>\n      <td>0.173050</td>\n      <td>0.759926</td>\n      <td>0.340533</td>\n      <td>0.212910</td>\n      <td>0.415925</td>\n    </tr>\n    <tr>\n      <th>1</th>\n      <td>0.369261</td>\n      <td>0.344447</td>\n      <td>0.594809</td>\n      <td>0.454023</td>\n      <td>0.055929</td>\n    </tr>\n    <tr>\n      <th>0</th>\n      <td>0.661356</td>\n      <td>0.790988</td>\n      <td>0.816955</td>\n      <td>0.515202</td>\n      <td>0.348768</td>\n    </tr>\n  </tbody>\n</table>\n<p>334 rows × 5 columns</p>\n</div>"
     },
     "metadata": {},
     "execution_count": 145
    }
   ],
   "source": [
    "newdf.sort_index(axis=0, ascending=False)  # it sort index in reverse , \n",
    "                                            # here axis=0 (rows) and axis=1 (columns) "
   ]
  },
  {
   "cell_type": "code",
   "execution_count": 146,
   "metadata": {},
   "outputs": [],
   "source": [
    "df2 = newdf.copy()  # it copy dataframe to other"
   ]
  },
  {
   "cell_type": "code",
   "execution_count": 147,
   "metadata": {},
   "outputs": [
    {
     "output_type": "execute_result",
     "data": {
      "text/plain": [
       "            0         1         2         3         4\n",
       "0    0.661356  0.790988  0.816955  0.515202  0.348768\n",
       "1    0.369261  0.344447  0.594809  0.454023  0.055929\n",
       "2    0.173050  0.759926  0.340533  0.212910  0.415925\n",
       "3    0.032329  0.200028  0.146421  0.705052  0.083880\n",
       "4    0.464154  0.677997  0.172498  0.127146  0.800099\n",
       "..        ...       ...       ...       ...       ...\n",
       "329  0.671657  0.081046  0.333107  0.275409  0.663722\n",
       "330  0.675012  0.924776  0.168315  0.050523  0.527453\n",
       "331  0.512223  0.837488  0.521703  0.640452  0.693052\n",
       "332  0.818010  0.740888  0.294195  0.027468  0.482835\n",
       "333  0.341005  0.670629  0.081644  0.420035  0.849277\n",
       "\n",
       "[334 rows x 5 columns]"
      ],
